E:\programs\render_hawk\sphere_output.png
404 10

1000 1000

100

0 0.5 1
0 0 -1
0 1 0
45 45

0 0 0

v -0.5 0 0
v 0.5 0 0
v -0.5 0 -1
v 0.5 0 -1
v -0.5 1 0
v -0.5 1 -1
v 0.5 1 -1
v 0.5 1 0
v 0.2 0.9999 -0.3
v 0.2 0.9999 -0.7
v -0.2 0.9999 -0.3
v -0.2 0.9999 -0.7

t 1 2 3 2
t 2 3 4 2
t 1 3 5 3
t 3 5 6 3
t 3 4 6 2
t 4 6 7 2
t 2 4 7 4
t 2 7 8 4
t 5 6 7 2
t 5 7 8 2
t 9 10 11 1
t 10 11 12 1

s -0.25 0.3 -0.4 0.2 6
s 0.1 0.1 -0.3 0.1 2
s 0.3 0.2 -0.8 0.2 5

m 1 0 0 1 2000 1 0 0 1 2000 1 0 0 1 2000 1
m 0.7 0 0 0 0 0.7 0 0 0 0 0.7 0 0 0 0 1
m 0.7 0 0 0 0 0.2 0 0 0 0 0.2 0 0 0 0 1
m 0.2 0 0 0 0 0.7 0 0 0 0 0.2 0 0 0 0 1
m 1 1 0 0 0 1 1 0 0 0 1 1 0 0 0 1
m 0.3 1 0.7 1 0 0.3 1 0.7 1 0 0.3 1 0.7 1 0 3